time = 1.00002
0 0 0 0 0 0 0 0 0 0 0 0 0 0 0 0 0 0 0 0 0 0 0 0 0 0 0 0 0 0 0 0 0 0 0 0 0 0 0 0 0 0 0 0 0 0 0 0 0 0 0 0 0 0 0 0 0 0 0 0 0 0 0 0 0 0 0 0 0 0 0 0 0 0 0 0 0 0 0 0 0 0 0 0 0 0 0 0 0 0 0 0 0 0 0 0 0 0 0 0 0  
0 1.78539e-12 3.56902e-12 5.34913e-12 7.12396e-12 8.89176e-12 1.06508e-11 1.23993e-11 1.41356e-11 1.58579e-11 1.75646e-11 1.92539e-11 2.09242e-11 2.25739e-11 2.42013e-11 2.58049e-11 2.73829e-11 2.8934e-11 3.04565e-11 3.19489e-11 3.34098e-11 3.48377e-11 3.62313e-11 3.75891e-11 3.89097e-11 4.0192e-11 4.14347e-11 4.26364e-11 4.37961e-11 4.49125e-11 4.59846e-11 4.70114e-11 4.79917e-11 4.89247e-11 4.98094e-11 5.06449e-11 5.14305e-11 5.21653e-11 5.28486e-11 5.34798e-11 5.40582e-11 5.45832e-11 5.50544e-11 5.54712e-11 5.58333e-11 5.61403e-11 5.63919e-11 5.65879e-11 5.6728e-11 5.68121e-11 5.68401e-11 5.68121e-11 5.6728e-11 5.65879e-11 5.63919e-11 5.61403e-11 5.58333e-11 5.54712e-11 5.50544e-11 5.45832e-11 5.40582e-11 5.34798e-11 5.28486e-11 5.21653e-11 5.14305e-11 5.06449e-11 4.98094e-11 4.89247e-11 4.79917e-11 4.70114e-11 4.59846e-11 4.49125e-11 4.37961e-11 4.26364e-11 4.14347e-11 4.0192e-11 3.89097e-11 3.75891e-11 3.62313e-11 3.48377e-11 3.34098e-11 3.19489e-11 3.04565e-11 2.8934e-11 2.73829e-11 2.58049e-11 2.42013e-11 2.25739e-11 2.09242e-11 1.92539e-11 1.75646e-11 1.58579e-11 1.41356e-11 1.23993e-11 1.06508e-11 8.89176e-12 7.12396e-12 5.34913e-12 3.56902e-12 1.78539e-12 0  
0 3.56902e-12 7.13452e-12 1.0693e-11 1.42409e-11 1.77747e-11 2.1291e-11 2.47863e-11 2.82572e-11 3.17001e-11 3.51118e-11 3.84888e-11 4.18278e-11 4.51256e-11 4.83788e-11 5.15843e-11 5.47389e-11 5.78394e-11 6.08829e-11 6.38663e-11 6.67866e-11 6.96411e-11 7.24268e-11 7.5141e-11 7.77811e-11 8.03444e-11 8.28285e-11 8.52307e-11 8.75489e-11 8.97807e-11 9.19239e-11 9.39763e-11 9.59361e-11 9.78011e-11 9.95696e-11 1.0124e-10 1.0281e-10 1.04279e-10 1.05645e-10 1.06907e-10 1.08063e-10 1.09113e-10 1.10054e-10 1.10888e-10 1.11612e-10 1.12225e-10 1.12728e-10 1.1312e-10 1.134e-10 1.13568e-10 1.13624e-10 1.13568e-10 1.134e-10 1.1312e-10 1.12728e-10 1.12225e-10 1.11612e-10 1.10888e-10 1.10054e-10 1.09113e-10 1.08063e-10 1.06907e-10 1.05645e-10 1.04279e-10 1.0281e-10 1.0124e-10 9.95696e-11 9.78011e-11 9.59361e-11 9.39763e-11 9.19239e-11 8.97807e-11 8.75489e-11 8.52307e-11 8.28285e-11 8.03444e-11 7.77811e-11 7.5141e-11 7.24268e-11 6.96411e-11 6.67866e-11 6.38663e-11 6.08829e-11 5.78394e-11 5.47389e-11 5.15843e-11 4.83788e-11 4.51256e-11 4.18278e-11 3.84888e-11 3.51118e-11 3.17001e-11 2.82572e-11 2.47863e-11 2.1291e-11 1.77747e-11 1.42409e-11 1.0693e-11 7.13452e-12 3.56902e-12 0  
0 5.34913e-12 1.0693e-11 1.60263e-11 2.13438e-11 2.66402e-11 3.19103e-11 3.71489e-11 4.23509e-11 4.75111e-11 5.26244e-11 5.76857e-11 6.26902e-11 6.76327e-11 7.25085e-11 7.73128e-11 8.20408e-11 8.66878e-11 9.12492e-11 9.57206e-11 1.00098e-10 1.04376e-10 1.08551e-10 1.12619e-10 1.16576e-10 1.20418e-10 1.2414e-10 1.27741e-10 1.31215e-10 1.3456e-10 1.37772e-10 1.40849e-10 1.43786e-10 1.46581e-10 1.49232e-10 1.51735e-10 1.54088e-10 1.5629e-10 1.58337e-10 1.60228e-10 1.61961e-10 1.63534e-10 1.64946e-10 1.66195e-10 1.6728e-10 1.68199e-10 1.68953e-10 1.6954e-10 1.6996e-10 1.70212e-10 1.70296e-10 1.70212e-10 1.6996e-10 1.6954e-10 1.68953e-10 1.68199e-10 1.6728e-10 1.66195e-10 1.64946e-10 1.63534e-10 1.61961e-10 1.60228e-10 1.58337e-10 1.5629e-10 1.54088e-10 1.51735e-10 1.49232e-10 1.46581e-10 1.43786e-10 1.40849e-10 1.37772e-10 1.3456e-10 1.31215e-10 1.27741e-10 1.2414e-10 1.20418e-10 1.16576e-10 1.12619e-10 1.08551e-10 1.04376e-10 1.00098e-10 9.57206e-11 9.12492e-11 8.66878e-11 8.20408e-11 7.73128e-11 7.25085e-11 6.76327e-11 6.26902e-11 5.76857e-11 5.26244e-11 4.75111e-11 4.23509e-11 3.71489e-11 3.19103e-11 2.66402e-11 2.13438e-11 1.60263e-11 1.0693e-11 5.34913e-12 0  
0 7.12396e-12 1.42409e-11 2.13438e-11 2.84256e-11 3.54793e-11 4.24981e-11 4.94749e-11 5.64028e-11 6.32752e-11 7.0085e-11 7.68257e-11 8.34906e-11 9.00731e-11 9.65667e-11 1.02965e-10 1.09262e-10 1.15451e-10 1.21525e-10 1.2748e-10 1.3331e-10 1.39007e-10 1.44568e-10 1.49985e-10 1.55255e-10 1.60372e-10 1.6533e-10 1.70125e-10 1.74752e-10 1.79207e-10 1.83485e-10 1.87582e-10 1.91493e-10 1.95216e-10 1.98746e-10 2.0208e-10 2.05215e-10 2.08147e-10 2.10873e-10 2.13392e-10 2.157e-10 2.17795e-10 2.19675e-10 2.21338e-10 2.22783e-10 2.24008e-10 2.25012e-10 2.25793e-10 2.26352e-10 2.26688e-10 2.268e-10 2.26688e-10 2.26352e-10 2.25793e-10 2.25012e-10 2.24008e-10 2.22783e-10 2.21338e-10 2.19675e-10 2.17795e-10 2.157e-10 2.13392e-10 2.10873e-10 2.08147e-10 2.05215e-10 2.0208e-10 1.98746e-10 1.95216e-10 1.91493e-10 1.87582e-10 1.83485e-10 1.79207e-10 1.74752e-10 1.70125e-10 1.6533e-10 1.60372e-10 1.55255e-10 1.49985e-10 1.44568e-10 1.39007e-10 1.3331e-10 1.2748e-10 1.21525e-10 1.15451e-10 1.09262e-10 1.02965e-10 9.65667e-11 9.00731e-11 8.34906e-11 7.68257e-11 7.0085e-11 6.32752e-11 5.64028e-11 4.94749e-11 4.24981e-11 3.54793e-11 2.84256e-11 2.13438e-11 1.42409e-11 7.12396e-12 0  
0 8.89176e-12 1.77747e-11 2.66402e-11 3.54793e-11 4.42835e-11 5.30439e-11 6.1752e-11 7.03991e-11 7.89768e-11 8.74765e-11 9.58899e-11 1.04209e-10 1.12425e-10 1.2053e-10 1.28516e-10 1.36375e-10 1.44099e-10 1.51682e-10 1.59115e-10 1.6639e-10 1.73502e-10 1.80442e-10 1.87204e-10 1.93782e-10 2.00168e-10 2.06356e-10 2.12341e-10 2.18117e-10 2.23677e-10 2.29016e-10 2.3413e-10 2.39012e-10 2.43659e-10 2.48065e-10 2.52226e-10 2.56138e-10 2.59798e-10 2.63201e-10 2.66344e-10 2.69225e-10 2.7184e-10 2.74186e-10 2.76262e-10 2.78066e-10 2.79595e-10 2.80848e-10 2.81824e-10 2.82521e-10 2.8294e-10 2.8308e-10 2.8294e-10 2.82521e-10 2.81824e-10 2.80848e-10 2.79595e-10 2.78066e-10 2.76262e-10 2.74186e-10 2.7184e-10 2.69225e-10 2.66344e-10 2.63201e-10 2.59798e-10 2.56138e-10 2.52226e-10 2.48065e-10 2.43659e-10 2.39012e-10 2.3413e-10 2.29016e-10 2.23677e-10 2.18117e-10 2.12341e-10 2.06356e-10 2.00168e-10 1.93782e-10 1.87204e-10 1.80442e-10 1.73502e-10 1.6639e-10 1.59115e-10 1.51682e-10 1.44099e-10 1.36375e-10 1.28516e-10 1.2053e-10 1.12425e-10 1.04209e-10 9.58899e-11 8.74765e-11 7.89768e-11 7.03991e-11 6.1752e-11 5.30439e-11 4.42835e-11 3.54793e-11 2.66402e-11 1.77747e-11 8.89176e-12 0  
0 1.06508e-11 2.1291e-11 3.19103e-11 4.24981e-11 5.30439e-11 6.35374e-11 7.39681e-11 8.43259e-11 9.46005e-11 1.04782e-10 1.14859e-10 1.24824e-10 1.34665e-10 1.44373e-10 1.53939e-10 1.63353e-10 1.72606e-10 1.81688e-10 1.90592e-10 1.99307e-10 2.07825e-10 2.16138e-10 2.24238e-10 2.32117e-10 2.39766e-10 2.47179e-10 2.54348e-10 2.61266e-10 2.67926e-10 2.74322e-10 2.80447e-10 2.86295e-10 2.91861e-10 2.97139e-10 3.02123e-10 3.06809e-10 3.11193e-10 3.15269e-10 3.19034e-10 3.22485e-10 3.25617e-10 3.28428e-10 3.30914e-10 3.33075e-10 3.34906e-10 3.36407e-10 3.37576e-10 3.38411e-10 3.38913e-10 3.39081e-10 3.38913e-10 3.38411e-10 3.37576e-10 3.36407e-10 3.34906e-10 3.33075e-10 3.30914e-10 3.28428e-10 3.25617e-10 3.22485e-10 3.19034e-10 3.15269e-10 3.11193e-10 3.06809e-10 3.02123e-10 2.97139e-10 2.91861e-10 2.86295e-10 2.80447e-10 2.74322e-10 2.67926e-10 2.61266e-10 2.54348e-10 2.47179e-10 2.39766e-10 2.32117e-10 2.24238e-10 2.16138e-10 2.07825e-10 1.99307e-10 1.90592e-10 1.81688e-10 1.72606e-10 1.63353e-10 1.53939e-10 1.44373e-10 1.34665e-10 1.24824e-10 1.14859e-10 1.04782e-10 9.46005e-11 8.43259e-11 7.39681e-11 6.35374e-11 5.30439e-11 4.24981e-11 3.19103e-11 2.1291e-11 1.06508e-11 0  
0 1.23993e-11 2.47863e-11 3.71489e-11 4.94749e-11 6.1752e-11 7.39681e-11 8.61113e-11 9.81695e-11 1.10131e-10 1.21983e-10 1.33716e-10 1.45316e-10 1.56773e-10 1.68075e-10 1.79211e-10 1.90171e-10 2.00942e-10 2.11516e-10 2.2188e-10 2.32026e-10 2.41943e-10 2.51621e-10 2.61051e-10 2.70223e-10 2.79128e-10 2.87758e-10 2.96104e-10 3.04157e-10 3.11911e-10 3.19357e-10 3.26487e-10 3.33296e-10 3.39775e-10 3.45919e-10 3.51722e-10 3.57177e-10 3.62281e-10 3.67026e-10 3.71409e-10 3.75426e-10 3.79073e-10 3.82345e-10 3.8524e-10 3.87755e-10 3.89887e-10 3.91634e-10 3.92995e-10 3.93968e-10 3.94552e-10 3.94747e-10 3.94552e-10 3.93968e-10 3.92995e-10 3.91634e-10 3.89887e-10 3.87755e-10 3.8524e-10 3.82345e-10 3.79073e-10 3.75426e-10 3.71409e-10 3.67026e-10 3.62281e-10 3.57177e-10 3.51722e-10 3.45919e-10 3.39775e-10 3.33296e-10 3.26487e-10 3.19357e-10 3.11911e-10 3.04157e-10 2.96104e-10 2.87758e-10 2.79128e-10 2.70223e-10 2.61051e-10 2.51621e-10 2.41943e-10 2.32026e-10 2.2188e-10 2.11516e-10 2.00942e-10 1.90171e-10 1.79211e-10 1.68075e-10 1.56773e-10 1.45316e-10 1.33716e-10 1.21983e-10 1.10131e-10 9.81695e-11 8.61113e-11 7.39681e-11 6.1752e-11 4.94749e-11 3.71489e-11 2.47863e-11 1.23993e-11 0  
0 1.41356e-11 2.82572e-11 4.23509e-11 5.64028e-11 7.03991e-11 8.43259e-11 9.81695e-11 1.11916e-10 1.25552e-10 1.39065e-10 1.5244e-10 1.65665e-10 1.78726e-10 1.9161e-10 2.04306e-10 2.168e-10 2.2908e-10 2.41134e-10 2.5295e-10 2.64517e-10 2.75822e-10 2.86855e-10 2.97606e-10 3.08062e-10 3.18214e-10 3.28053e-10 3.37567e-10 3.46749e-10 3.55588e-10 3.64076e-10 3.72205e-10 3.79967e-10 3.87354e-10 3.94358e-10 4.00973e-10 4.07193e-10 4.13011e-10 4.18421e-10 4.23418e-10 4.27997e-10 4.32154e-10 4.35885e-10 4.39185e-10 4.42052e-10 4.44483e-10 4.46474e-10 4.48026e-10 4.49135e-10 4.49801e-10 4.50023e-10 4.49801e-10 4.49135e-10 4.48026e-10 4.46474e-10 4.44483e-10 4.42052e-10 4.39185e-10 4.35885e-10 4.32154e-10 4.27997e-10 4.23418e-10 4.18421e-10 4.13011e-10 4.07193e-10 4.00973e-10 3.94358e-10 3.87354e-10 3.79967e-10 3.72205e-10 3.64076e-10 3.55588e-10 3.46749e-10 3.37567e-10 3.28053e-10 3.18214e-10 3.08062e-10 2.97606e-10 2.86855e-10 2.75822e-10 2.64517e-10 2.5295e-10 2.41134e-10 2.2908e-10 2.168e-10 2.04306e-10 1.9161e-10 1.78726e-10 1.65665e-10 1.5244e-10 1.39065e-10 1.25552e-10 1.11916e-10 9.81695e-11 8.43259e-11 7.03991e-11 5.64028e-11 4.23509e-11 2.82572e-11 1.41356e-11 0  
0 1.58579e-11 3.17001e-11 4.75111e-11 6.32752e-11 7.89768e-11 9.46005e-11 1.10131e-10 1.25552e-10 1.4085e-10 1.56009e-10 1.71014e-10 1.8585e-10 2.00502e-10 2.14957e-10 2.292e-10 2.43216e-10 2.56992e-10 2.70515e-10 2.83771e-10 2.96747e-10 3.09429e-10 3.21807e-10 3.33867e-10 3.45597e-10 3.56987e-10 3.68024e-10 3.78698e-10 3.88998e-10 3.98914e-10 4.08437e-10 4.17556e-10 4.26263e-10 4.3455e-10 4.42408e-10 4.49829e-10 4.56807e-10 4.63333e-10 4.69403e-10 4.75009e-10 4.80146e-10 4.84809e-10 4.88994e-10 4.92697e-10 4.95913e-10 4.9864e-10 5.00874e-10 5.02615e-10 5.03859e-10 5.04606e-10 5.04855e-10 5.04606e-10 5.03859e-10 5.02615e-10 5.00874e-10 4.9864e-10 4.95913e-10 4.92697e-10 4.88994e-10 4.84809e-10 4.80146e-10 4.75009e-10 4.69403e-10 4.63333e-10 4.56807e-10 4.49829e-10 4.42408e-10 4.3455e-10 4.26263e-10 4.17556e-10 4.08437e-10 3.98914e-10 3.88998e-10 3.78698e-10 3.68024e-10 3.56987e-10 3.45597e-10 3.33867e-10 3.21807e-10 3.09429e-10 2.96747e-10 2.83771e-10 2.70515e-10 2.56992e-10 2.43216e-10 2.292e-10 2.14957e-10 2.00502e-10 1.8585e-10 1.71014e-10 1.56009e-10 1.4085e-10 1.25552e-10 1.10131e-10 9.46005e-11 7.89768e-11 6.32752e-11 4.75111e-11 3.17001e-11 1.58579e-11 0  
0 1.75646e-11 3.51118e-11 5.26244e-11 7.0085e-11 8.74765e-11 1.04782e-10 1.21983e-10 1.39065e-10 1.56009e-10 1.72799e-10 1.89419e-10 2.05851e-10 2.22081e-10 2.38091e-10 2.53867e-10 2.69392e-10 2.84651e-10 2.99629e-10 3.14311e-10 3.28683e-10 3.42731e-10 3.56441e-10 3.69799e-10 3.82792e-10 3.95407e-10 4.07632e-10 4.19454e-10 4.30863e-10 4.41846e-10 4.52394e-10 4.62495e-10 4.72139e-10 4.81318e-10 4.90021e-10 4.98241e-10 5.0597e-10 5.13199e-10 5.19921e-10 5.26131e-10 5.31821e-10 5.36986e-10 5.41622e-10 5.45722e-10 5.49285e-10 5.52305e-10 5.5478e-10 5.56708e-10 5.58086e-10 5.58914e-10 5.59189e-10 5.58914e-10 5.58086e-10 5.56708e-10 5.5478e-10 5.52305e-10 5.49285e-10 5.45722e-10 5.41622e-10 5.36986e-10 5.31821e-10 5.26131e-10 5.19921e-10 5.13199e-10 5.0597e-10 4.98241e-10 4.90021e-10 4.81318e-10 4.72139e-10 4.62495e-10 4.52394e-10 4.41846e-10 4.30863e-10 4.19454e-10 4.07632e-10 3.95407e-10 3.82792e-10 3.69799e-10 3.56441e-10 3.42731e-10 3.28683e-10 3.14311e-10 2.99629e-10 2.84651e-10 2.69392e-10 2.53867e-10 2.38091e-10 2.22081e-10 2.05851e-10 1.89419e-10 1.72799e-10 1.56009e-10 1.39065e-10 1.21983e-10 1.04782e-10 8.74765e-11 7.0085e-11 5.26244e-11 3.51118e-11 1.75646e-11 0  
0 1.92539e-11 3.84888e-11 5.76857e-11 7.68257e-11 9.58899e-11 1.14859e-10 1.33716e-10 1.5244e-10 1.71014e-10 1.89419e-10 2.07637e-10 2.2565e-10 2.4344e-10 2.60991e-10 2.78283e-10 2.95301e-10 3.12028e-10 3.28447e-10 3.44541e-10 3.60296e-10 3.75695e-10 3.90723e-10 4.05365e-10 4.19608e-10 4.33436e-10 4.46837e-10 4.59797e-10 4.72303e-10 4.84343e-10 4.95905e-10 5.06977e-10 5.17549e-10 5.27611e-10 5.37151e-10 5.46162e-10 5.54633e-10 5.62558e-10 5.69927e-10 5.76733e-10 5.82971e-10 5.88633e-10 5.93714e-10 5.98209e-10 6.02114e-10 6.05425e-10 6.08138e-10 6.10251e-10 6.11762e-10 6.12669e-10 6.12972e-10 6.12669e-10 6.11762e-10 6.10251e-10 6.08138e-10 6.05425e-10 6.02114e-10 5.98209e-10 5.93714e-10 5.88633e-10 5.82971e-10 5.76733e-10 5.69927e-10 5.62558e-10 5.54633e-10 5.46162e-10 5.37151e-10 5.27611e-10 5.17549e-10 5.06977e-10 4.95905e-10 4.84343e-10 4.72303e-10 4.59797e-10 4.46837e-10 4.33436e-10 4.19608e-10 4.05365e-10 3.90723e-10 3.75695e-10 3.60296e-10 3.44541e-10 3.28447e-10 3.12028e-10 2.95301e-10 2.78283e-10 2.60991e-10 2.4344e-10 2.2565e-10 2.07637e-10 1.89419e-10 1.71014e-10 1.5244e-10 1.33716e-10 1.14859e-10 9.58899e-11 7.68257e-11 5.76857e-11 3.84888e-11 1.92539e-11 0  
0 2.09242e-11 4.18278e-11 6.26902e-11 8.34906e-11 1.04209e-10 1.24824e-10 1.45316e-10 1.65665e-10 1.8585e-10 2.05851e-10 2.2565e-10 2.45226e-10 2.6456e-10 2.83632e-10 3.02425e-10 3.2092e-10 3.39097e-10 3.56941e-10 3.74431e-10 3.91553e-10 4.08287e-10 4.24619e-10 4.40532e-10 4.5601e-10 4.71039e-10 4.85602e-10 4.99686e-10 5.13277e-10 5.26361e-10 5.38926e-10 5.50959e-10 5.62448e-10 5.73382e-10 5.83751e-10 5.93543e-10 6.0275e-10 6.11361e-10 6.1937e-10 6.26767e-10 6.33545e-10 6.39699e-10 6.45221e-10 6.50106e-10 6.5435e-10 6.57948e-10 6.60896e-10 6.63193e-10 6.64835e-10 6.6582e-10 6.66149e-10 6.6582e-10 6.64835e-10 6.63193e-10 6.60896e-10 6.57948e-10 6.5435e-10 6.50106e-10 6.45221e-10 6.39699e-10 6.33545e-10 6.26767e-10 6.1937e-10 6.11361e-10 6.0275e-10 5.93543e-10 5.83751e-10 5.73382e-10 5.62448e-10 5.50959e-10 5.38926e-10 5.26361e-10 5.13277e-10 4.99686e-10 4.85602e-10 4.71039e-10 4.5601e-10 4.40532e-10 4.24619e-10 4.08287e-10 3.91553e-10 3.74431e-10 3.56941e-10 3.39097e-10 3.2092e-10 3.02425e-10 2.83632e-10 2.6456e-10 2.45226e-10 2.2565e-10 2.05851e-10 1.8585e-10 1.65665e-10 1.45316e-10 1.24824e-10 1.04209e-10 8.34906e-11 6.26902e-11 4.18278e-11 2.09242e-11 0  
0 2.25739e-11 4.51256e-11 6.76327e-11 9.00731e-11 1.12425e-10 1.34665e-10 1.56773e-10 1.78726e-10 2.00502e-10 2.22081e-10 2.4344e-10 2.6456e-10 2.85418e-10 3.05994e-10 3.26269e-10 3.46221e-10 3.65832e-10 3.85082e-10 4.03952e-10 4.22423e-10 4.40477e-10 4.58097e-10 4.75264e-10 4.91963e-10 5.08176e-10 5.23887e-10 5.39082e-10 5.53744e-10 5.6786e-10 5.81415e-10 5.94397e-10 6.06792e-10 6.18589e-10 6.29774e-10 6.40339e-10 6.50271e-10 6.59562e-10 6.68201e-10 6.76182e-10 6.83495e-10 6.90133e-10 6.96091e-10 7.01361e-10 7.05939e-10 7.09821e-10 7.13002e-10 7.15479e-10 7.17251e-10 7.18314e-10 7.18669e-10 7.18314e-10 7.17251e-10 7.15479e-10 7.13002e-10 7.09821e-10 7.05939e-10 7.01361e-10 6.96091e-10 6.90133e-10 6.83495e-10 6.76182e-10 6.68201e-10 6.59562e-10 6.50271e-10 6.40339e-10 6.29774e-10 6.18589e-10 6.06792e-10 5.94397e-10 5.81415e-10 5.6786e-10 5.53744e-10 5.39082e-10 5.23887e-10 5.08176e-10 4.91963e-10 4.75264e-10 4.58097e-10 4.40477e-10 4.22423e-10 4.03952e-10 3.85082e-10 3.65832e-10 3.46221e-10 3.26269e-10 3.05994e-10 2.85418e-10 2.6456e-10 2.4344e-10 2.22081e-10 2.00502e-10 1.78726e-10 1.56773e-10 1.34665e-10 1.12425e-10 9.00731e-11 6.76327e-11 4.51256e-11 2.25739e-11 0  
0 2.42013e-11 4.83788e-11 7.25085e-11 9.65667e-11 1.2053e-10 1.44373e-10 1.68075e-10 1.9161e-10 2.14957e-10 2.38091e-10 2.60991e-10 2.83632e-10 3.05994e-10 3.28054e-10 3.4979e-10 3.71181e-10 3.92206e-10 4.12844e-10 4.33074e-10 4.52877e-10 4.72232e-10 4.91122e-10 5.09527e-10 5.2743e-10 5.44811e-10 5.61655e-10 5.77945e-10 5.93665e-10 6.08798e-10 6.23331e-10 6.37249e-10 6.50537e-10 6.63184e-10 6.75176e-10 6.86502e-10 6.97151e-10 7.07111e-10 7.16374e-10 7.24929e-10 7.3277e-10 7.39887e-10 7.46274e-10 7.51924e-10 7.56832e-10 7.60994e-10 7.64404e-10 7.6706e-10 7.68959e-10 7.70099e-10 7.7048e-10 7.70099e-10 7.68959e-10 7.6706e-10 7.64404e-10 7.60994e-10 7.56832e-10 7.51924e-10 7.46274e-10 7.39887e-10 7.3277e-10 7.24929e-10 7.16374e-10 7.07111e-10 6.97151e-10 6.86502e-10 6.75176e-10 6.63184e-10 6.50537e-10 6.37249e-10 6.23331e-10 6.08798e-10 5.93665e-10 5.77945e-10 5.61655e-10 5.44811e-10 5.2743e-10 5.09527e-10 4.91122e-10 4.72232e-10 4.52877e-10 4.33074e-10 4.12844e-10 3.92206e-10 3.71181e-10 3.4979e-10 3.28054e-10 3.05994e-10 2.83632e-10 2.60991e-10 2.38091e-10 2.14957e-10 1.9161e-10 1.68075e-10 1.44373e-10 1.2053e-10 9.65667e-11 7.25085e-11 4.83788e-11 2.42013e-11 0  
0 2.58049e-11 5.15843e-11 7.73128e-11 1.02965e-10 1.28516e-10 1.53939e-10 1.79211e-10 2.04306e-10 2.292e-10 2.53867e-10 2.78283e-10 3.02425e-10 3.26269e-10 3.4979e-10 3.72967e-10 3.95775e-10 4.18193e-10 4.40198e-10 4.61768e-10 4.82883e-10 5.03521e-10 5.23663e-10 5.43287e-10 5.62376e-10 5.80909e-10 5.9887e-10 6.16239e-10 6.33e-10 6.49136e-10 6.64632e-10 6.79471e-10 6.93641e-10 7.07125e-10 7.19912e-10 7.31989e-10 7.43343e-10 7.53963e-10 7.63839e-10 7.72962e-10 7.81321e-10 7.8891e-10 7.9572e-10 8.01745e-10 8.06978e-10 8.11416e-10 8.15052e-10 8.17884e-10 8.19909e-10 8.21125e-10 8.2153e-10 8.21125e-10 8.19909e-10 8.17884e-10 8.15052e-10 8.11416e-10 8.06978e-10 8.01745e-10 7.9572e-10 7.8891e-10 7.81321e-10 7.72962e-10 7.63839e-10 7.53963e-10 7.43343e-10 7.31989e-10 7.19912e-10 7.07125e-10 6.93641e-10 6.79471e-10 6.64632e-10 6.49136e-10 6.33e-10 6.16239e-10 5.9887e-10 5.80909e-10 5.62376e-10 5.43287e-10 5.23663e-10 5.03521e-10 4.82883e-10 4.61768e-10 4.40198e-10 4.18193e-10 3.95775e-10 3.72967e-10 3.4979e-10 3.26269e-10 3.02425e-10 2.78283e-10 2.53867e-10 2.292e-10 2.04306e-10 1.79211e-10 1.53939e-10 1.28516e-10 1.02965e-10 7.73128e-11 5.15843e-11 2.58049e-11 0  
0 2.73829e-11 5.47389e-11 8.20408e-11 1.09262e-10 1.36375e-10 1.63353e-10 1.90171e-10 2.168e-10 2.43216e-10 2.69392e-10 2.95301e-10 3.2092e-10 3.46221e-10 3.71181e-10 3.95775e-10 4.19978e-10 4.43767e-10 4.67117e-10 4.90007e-10 5.12413e-10 5.34314e-10 5.55687e-10 5.76511e-10 5.96767e-10 6.16434e-10 6.35493e-10 6.53924e-10 6.7171e-10 6.88833e-10 7.05276e-10 7.21024e-10 7.36059e-10 7.50369e-10 7.63937e-10 7.76752e-10 7.88801e-10 8.0007e-10 8.10551e-10 8.20231e-10 8.29102e-10 8.37155e-10 8.44381e-10 8.50774e-10 8.56328e-10 8.61037e-10 8.64895e-10 8.67901e-10 8.70049e-10 8.71339e-10 8.71769e-10 8.71339e-10 8.70049e-10 8.67901e-10 8.64895e-10 8.61037e-10 8.56328e-10 8.50774e-10 8.44381e-10 8.37155e-10 8.29102e-10 8.20231e-10 8.10551e-10 8.0007e-10 7.88801e-10 7.76752e-10 7.63937e-10 7.50369e-10 7.36059e-10 7.21024e-10 7.05276e-10 6.88833e-10 6.7171e-10 6.53924e-10 6.35493e-10 6.16434e-10 5.96767e-10 5.76511e-10 5.55687e-10 5.34314e-10 5.12413e-10 4.90007e-10 4.67117e-10 4.43767e-10 4.19978e-10 3.95775e-10 3.71181e-10 3.46221e-10 3.2092e-10 2.95301e-10 2.69392e-10 2.43216e-10 2.168e-10 1.90171e-10 1.63353e-10 1.36375e-10 1.09262e-10 8.20408e-11 5.47389e-11 2.73829e-11 0  
0 2.8934e-11 5.78394e-11 8.66878e-11 1.15451e-10 1.44099e-10 1.72606e-10 2.00942e-10 2.2908e-10 2.56992e-10 2.84651e-10 3.12028e-10 3.39097e-10 3.65832e-10 3.92206e-10 4.18193e-10 4.43767e-10 4.68903e-10 4.93576e-10 5.17762e-10 5.41438e-10 5.64579e-10 5.87162e-10 6.09167e-10 6.3057e-10 6.5135e-10 6.71489e-10 6.90964e-10 7.09757e-10 7.2785e-10 7.45225e-10 7.61864e-10 7.77752e-10 7.92871e-10 8.07209e-10 8.20749e-10 8.3348e-10 8.45388e-10 8.56462e-10 8.66691e-10 8.76064e-10 8.84573e-10 8.92209e-10 8.98964e-10 9.04833e-10 9.09808e-10 9.13885e-10 9.17061e-10 9.19331e-10 9.20694e-10 9.21149e-10 9.20694e-10 9.19331e-10 9.17061e-10 9.13885e-10 9.09808e-10 9.04833e-10 8.98964e-10 8.92209e-10 8.84573e-10 8.76064e-10 8.66691e-10 8.56462e-10 8.45388e-10 8.3348e-10 8.20749e-10 8.07209e-10 7.92871e-10 7.77752e-10 7.61864e-10 7.45225e-10 7.2785e-10 7.09757e-10 6.90964e-10 6.71489e-10 6.5135e-10 6.3057e-10 6.09167e-10 5.87162e-10 5.64579e-10 5.41438e-10 5.17762e-10 4.93576e-10 4.68903e-10 4.43767e-10 4.18193e-10 3.92206e-10 3.65832e-10 3.39097e-10 3.12028e-10 2.84651e-10 2.56992e-10 2.2908e-10 2.00942e-10 1.72606e-10 1.44099e-10 1.15451e-10 8.66878e-11 5.78394e-11 2.8934e-11 0  
0 3.04565e-11 6.08829e-11 9.12492e-11 1.21525e-10 1.51682e-10 1.81688e-10 2.11516e-10 2.41134e-10 2.70515e-10 2.99629e-10 3.28447e-10 3.56941e-10 3.85082e-10 4.12844e-10 4.40198e-10 4.67117e-10 4.93576e-10 5.19548e-10 5.45007e-10 5.69928e-10 5.94286e-10 6.18058e-10 6.4122e-10 6.6375e-10 6.85624e-10 7.06822e-10 7.27322e-10 7.47104e-10 7.66149e-10 7.84438e-10 8.01953e-10 8.18676e-10 8.34592e-10 8.49683e-10 8.63937e-10 8.77337e-10 8.89872e-10 9.01529e-10 9.12296e-10 9.22162e-10 9.31119e-10 9.39156e-10 9.46267e-10 9.52444e-10 9.57681e-10 9.61973e-10 9.65316e-10 9.67706e-10 9.6914e-10 9.69619e-10 9.6914e-10 9.67706e-10 9.65316e-10 9.61973e-10 9.57681e-10 9.52444e-10 9.46267e-10 9.39156e-10 9.31119e-10 9.22162e-10 9.12296e-10 9.01529e-10 8.89872e-10 8.77337e-10 8.63937e-10 8.49683e-10 8.34592e-10 8.18676e-10 8.01953e-10 7.84438e-10 7.66149e-10 7.47104e-10 7.27322e-10 7.06822e-10 6.85624e-10 6.6375e-10 6.4122e-10 6.18058e-10 5.94286e-10 5.69928e-10 5.45007e-10 5.19548e-10 4.93576e-10 4.67117e-10 4.40198e-10 4.12844e-10 3.85082e-10 3.56941e-10 3.28447e-10 2.99629e-10 2.70515e-10 2.41134e-10 2.11516e-10 1.81688e-10 1.51682e-10 1.21525e-10 9.12492e-11 6.08829e-11 3.04565e-11 0  
0 3.19489e-11 6.38663e-11 9.57206e-11 1.2748e-10 1.59115e-10 1.90592e-10 2.2188e-10 2.5295e-10 2.83771e-10 3.14311e-10 3.44541e-10 3.74431e-10 4.03952e-10 4.33074e-10 4.61768e-10 4.90007e-10 5.17762e-10 5.45007e-10 5.71713e-10 5.97855e-10 6.23407e-10 6.48344e-10 6.72642e-10 6.96275e-10 7.19221e-10 7.41457e-10 7.62962e-10 7.83714e-10 8.03692e-10 8.22877e-10 8.4125e-10 8.58793e-10 8.75488e-10 8.9132e-10 9.06271e-10 9.20329e-10 9.33478e-10 9.45706e-10 9.57e-10 9.6735e-10 9.76746e-10 9.85177e-10 9.92636e-10 9.99116e-10 1.00461e-09 1.00911e-09 1.01262e-09 1.01513e-09 1.01663e-09 1.01713e-09 1.01663e-09 1.01513e-09 1.01262e-09 1.00911e-09 1.00461e-09 9.99116e-10 9.92636e-10 9.85177e-10 9.76746e-10 9.6735e-10 9.57e-10 9.45706e-10 9.33478e-10 9.20329e-10 9.06271e-10 8.9132e-10 8.75488e-10 8.58793e-10 8.4125e-10 8.22877e-10 8.03692e-10 7.83714e-10 7.62962e-10 7.41457e-10 7.19221e-10 6.96275e-10 6.72642e-10 6.48344e-10 6.23407e-10 5.97855e-10 5.71713e-10 5.45007e-10 5.17762e-10 4.90007e-10 4.61768e-10 4.33074e-10 4.03952e-10 3.74431e-10 3.44541e-10 3.14311e-10 2.83771e-10 2.5295e-10 2.2188e-10 1.90592e-10 1.59115e-10 1.2748e-10 9.57206e-11 6.38663e-11 3.19489e-11 0  
0 3.34098e-11 6.67866e-11 1.00098e-10 1.3331e-10 1.6639e-10 1.99307e-10 2.32026e-10 2.64517e-10 2.96747e-10 3.28683e-10 3.60296e-10 3.91553e-10 4.22423e-10 4.52877e-10 4.82883e-10 5.12413e-10 5.41438e-10 5.69928e-10 5.97855e-10 6.25193e-10 6.51913e-10 6.77991e-10 7.03399e-10 7.28113e-10 7.52108e-10 7.75361e-10 7.97849e-10 8.1955e-10 8.40442e-10 8.60504e-10 8.79717e-10 8.98062e-10 9.15521e-10 9.32076e-10 9.47712e-10 9.62412e-10 9.76162e-10 9.88949e-10 1.00076e-09 1.01158e-09 1.02141e-09 1.03023e-09 1.03803e-09 1.0448e-09 1.05055e-09 1.05525e-09 1.05892e-09 1.06154e-09 1.06312e-09 1.06364e-09 1.06312e-09 1.06154e-09 1.05892e-09 1.05525e-09 1.05055e-09 1.0448e-09 1.03803e-09 1.03023e-09 1.02141e-09 1.01158e-09 1.00076e-09 9.88949e-10 9.76162e-10 9.62412e-10 9.47712e-10 9.32076e-10 9.15521e-10 8.98062e-10 8.79717e-10 8.60504e-10 8.40442e-10 8.1955e-10 7.97849e-10 7.75361e-10 7.52108e-10 7.28113e-10 7.03399e-10 6.77991e-10 6.51913e-10 6.25193e-10 5.97855e-10 5.69928e-10 5.41438e-10 5.12413e-10 4.82883e-10 4.52877e-10 4.22423e-10 3.91553e-10 3.60296e-10 3.28683e-10 2.96747e-10 2.64517e-10 2.32026e-10 1.99307e-10 1.6639e-10 1.3331e-10 1.00098e-10 6.67866e-11 3.34098e-11 0  
0 3.48377e-11 6.96411e-11 1.04376e-10 1.39007e-10 1.73502e-10 2.07825e-10 2.41943e-10 2.75822e-10 3.09429e-10 3.42731e-10 3.75695e-10 4.08287e-10 4.40477e-10 4.72232e-10 5.03521e-10 5.34314e-10 5.64579e-10 5.94286e-10 6.23407e-10 6.51913e-10 6.79776e-10 7.06968e-10 7.33462e-10 7.59232e-10 7.84253e-10 8.085e-10 8.31949e-10 8.54577e-10 8.76362e-10 8.97282e-10 9.17316e-10 9.36445e-10 9.5465e-10 9.71913e-10 9.88217e-10 1.00354e-09 1.01788e-09 1.03122e-09 1.04353e-09 1.05482e-09 1.06506e-09 1.07426e-09 1.08239e-09 1.08946e-09 1.09545e-09 1.10036e-09 1.10418e-09 1.10691e-09 1.10855e-09 1.1091e-09 1.10855e-09 1.10691e-09 1.10418e-09 1.10036e-09 1.09545e-09 1.08946e-09 1.08239e-09 1.07426e-09 1.06506e-09 1.05482e-09 1.04353e-09 1.03122e-09 1.01788e-09 1.00354e-09 9.88217e-10 9.71913e-10 9.5465e-10 9.36445e-10 9.17316e-10 8.97282e-10 8.76362e-10 8.54577e-10 8.31949e-10 8.085e-10 7.84253e-10 7.59232e-10 7.33462e-10 7.06968e-10 6.79776e-10 6.51913e-10 6.23407e-10 5.94286e-10 5.64579e-10 5.34314e-10 5.03521e-10 4.72232e-10 4.40477e-10 4.08287e-10 3.75695e-10 3.42731e-10 3.09429e-10 2.75822e-10 2.41943e-10 2.07825e-10 1.73502e-10 1.39007e-10 1.04376e-10 6.96411e-11 3.48377e-11 0  
0 3.62313e-11 7.24268e-11 1.08551e-10 1.44568e-10 1.80442e-10 2.16138e-10 2.51621e-10 2.86855e-10 3.21807e-10 3.56441e-10 3.90723e-10 4.24619e-10 4.58097e-10 4.91122e-10 5.23663e-10 5.55687e-10 5.87162e-10 6.18058e-10 6.48344e-10 6.77991e-10 7.06968e-10 7.35247e-10 7.62801e-10 7.89602e-10 8.15624e-10 8.40841e-10 8.65228e-10 8.88761e-10 9.11417e-10 9.33174e-10 9.5401e-10 9.73904e-10 9.92837e-10 1.01079e-09 1.02775e-09 1.04369e-09 1.0586e-09 1.07247e-09 1.08527e-09 1.09701e-09 1.10767e-09 1.11723e-09 1.12569e-09 1.13304e-09 1.13927e-09 1.14437e-09 1.14835e-09 1.15119e-09 1.1529e-09 1.15347e-09 1.1529e-09 1.15119e-09 1.14835e-09 1.14437e-09 1.13927e-09 1.13304e-09 1.12569e-09 1.11723e-09 1.10767e-09 1.09701e-09 1.08527e-09 1.07247e-09 1.0586e-09 1.04369e-09 1.02775e-09 1.01079e-09 9.92837e-10 9.73904e-10 9.5401e-10 9.33174e-10 9.11417e-10 8.88761e-10 8.65228e-10 8.40841e-10 8.15624e-10 7.89602e-10 7.62801e-10 7.35247e-10 7.06968e-10 6.77991e-10 6.48344e-10 6.18058e-10 5.87162e-10 5.55687e-10 5.23663e-10 4.91122e-10 4.58097e-10 4.24619e-10 3.90723e-10 3.56441e-10 3.21807e-10 2.86855e-10 2.51621e-10 2.16138e-10 1.80442e-10 1.44568e-10 1.08551e-10 7.24268e-11 3.62313e-11 0  
0 3.75891e-11 7.5141e-11 1.12619e-10 1.49985e-10 1.87204e-10 2.24238e-10 2.61051e-10 2.97606e-10 3.33867e-10 3.69799e-10 4.05365e-10 4.40532e-10 4.75264e-10 5.09527e-10 5.43287e-10 5.76511e-10 6.09167e-10 6.4122e-10 6.72642e-10 7.03399e-10 7.33462e-10 7.62801e-10 7.91388e-10 8.19193e-10 8.4619e-10 8.72352e-10 8.97653e-10 9.22068e-10 9.45573e-10 9.68145e-10 9.89762e-10 1.0104e-09 1.03004e-09 1.04867e-09 1.06626e-09 1.0828e-09 1.09827e-09 1.11266e-09 1.12595e-09 1.13812e-09 1.14918e-09 1.1591e-09 1.16787e-09 1.1755e-09 1.18196e-09 1.18726e-09 1.19138e-09 1.19433e-09 1.1961e-09 1.19669e-09 1.1961e-09 1.19433e-09 1.19138e-09 1.18726e-09 1.18196e-09 1.1755e-09 1.16787e-09 1.1591e-09 1.14918e-09 1.13812e-09 1.12595e-09 1.11266e-09 1.09827e-09 1.0828e-09 1.06626e-09 1.04867e-09 1.03004e-09 1.0104e-09 9.89762e-10 9.68145e-10 9.45573e-10 9.22068e-10 8.97653e-10 8.72352e-10 8.4619e-10 8.19193e-10 7.91388e-10 7.62801e-10 7.33462e-10 7.03399e-10 6.72642e-10 6.4122e-10 6.09167e-10 5.76511e-10 5.43287e-10 5.09527e-10 4.75264e-10 4.40532e-10 4.05365e-10 3.69799e-10 3.33867e-10 2.97606e-10 2.61051e-10 2.24238e-10 1.87204e-10 1.49985e-10 1.12619e-10 7.5141e-11 3.75891e-11 0  
0 3.89097e-11 7.77811e-11 1.16576e-10 1.55255e-10 1.93782e-10 2.32117e-10 2.70223e-10 3.08062e-10 3.45597e-10 3.82792e-10 4.19608e-10 4.5601e-10 4.91963e-10 5.2743e-10 5.62376e-10 5.96767e-10 6.3057e-10 6.6375e-10 6.96275e-10 7.28113e-10 7.59232e-10 7.89602e-10 8.19193e-10 8.47975e-10 8.75921e-10 9.03002e-10 9.29192e-10 9.54465e-10 9.78796e-10 1.00216e-09 1.02454e-09 1.0459e-09 1.06624e-09 1.08552e-09 1.10372e-09 1.12084e-09 1.13686e-09 1.15175e-09 1.16551e-09 1.17811e-09 1.18955e-09 1.19982e-09 1.20891e-09 1.2168e-09 1.22349e-09 1.22897e-09 1.23324e-09 1.2363e-09 1.23813e-09 1.23874e-09 1.23813e-09 1.2363e-09 1.23324e-09 1.22897e-09 1.22349e-09 1.2168e-09 1.20891e-09 1.19982e-09 1.18955e-09 1.17811e-09 1.16551e-09 1.15175e-09 1.13686e-09 1.12084e-09 1.10372e-09 1.08552e-09 1.06624e-09 1.0459e-09 1.02454e-09 1.00216e-09 9.78796e-10 9.54465e-10 9.29192e-10 9.03002e-10 8.75921e-10 8.47975e-10 8.19193e-10 7.89602e-10 7.59232e-10 7.28113e-10 6.96275e-10 6.6375e-10 6.3057e-10 5.96767e-10 5.62376e-10 5.2743e-10 4.91963e-10 4.5601e-10 4.19608e-10 3.82792e-10 3.45597e-10 3.08062e-10 2.70223e-10 2.32117e-10 1.93782e-10 1.55255e-10 1.16576e-10 7.77811e-11 3.89097e-11 0  
0 4.0192e-11 8.03444e-11 1.20418e-10 1.60372e-10 2.00168e-10 2.39766e-10 2.79128e-10 3.18214e-10 3.56987e-10 3.95407e-10 4.33436e-10 4.71039e-10 5.08176e-10 5.44811e-10 5.80909e-10 6.16434e-10 6.5135e-10 6.85624e-10 7.19221e-10 7.52108e-10 7.84253e-10 8.15624e-10 8.4619e-10 8.75921e-10 9.04788e-10 9.32761e-10 9.59814e-10 9.8592e-10 1.01105e-09 1.03519e-09 1.0583e-09 1.08037e-09 1.10137e-09 1.12129e-09 1.1401e-09 1.15778e-09 1.17432e-09 1.18971e-09 1.20392e-09 1.21694e-09 1.22876e-09 1.23936e-09 1.24875e-09 1.2569e-09 1.26381e-09 1.26947e-09 1.27388e-09 1.27704e-09 1.27893e-09 1.27956e-09 1.27893e-09 1.27704e-09 1.27388e-09 1.26947e-09 1.26381e-09 1.2569e-09 1.24875e-09 1.23936e-09 1.22876e-09 1.21694e-09 1.20392e-09 1.18971e-09 1.17432e-09 1.15778e-09 1.1401e-09 1.12129e-09 1.10137e-09 1.08037e-09 1.0583e-09 1.03519e-09 1.01105e-09 9.8592e-10 9.59814e-10 9.32761e-10 9.04788e-10 8.75921e-10 8.4619e-10 8.15624e-10 7.84253e-10 7.52108e-10 7.19221e-10 6.85624e-10 6.5135e-10 6.16434e-10 5.80909e-10 5.44811e-10 5.08176e-10 4.71039e-10 4.33436e-10 3.95407e-10 3.56987e-10 3.18214e-10 2.79128e-10 2.39766e-10 2.00168e-10 1.60372e-10 1.20418e-10 8.03444e-11 4.0192e-11 0  
0 4.14347e-11 8.28285e-11 1.2414e-10 1.6533e-10 2.06356e-10 2.47179e-10 2.87758e-10 3.28053e-10 3.68024e-10 4.07632e-10 4.46837e-10 4.85602e-10 5.23887e-10 5.61655e-10 5.9887e-10 6.35493e-10 6.71489e-10 7.06822e-10 7.41457e-10 7.75361e-10 8.085e-10 8.40841e-10 8.72352e-10 9.03002e-10 9.32761e-10 9.616e-10 9.89489e-10 1.0164e-09 1.04231e-09 1.06719e-09 1.09102e-09 1.11377e-09 1.13543e-09 1.15596e-09 1.17535e-09 1.19358e-09 1.21063e-09 1.22649e-09 1.24114e-09 1.25456e-09 1.26675e-09 1.27768e-09 1.28735e-09 1.29576e-09 1.30288e-09 1.30872e-09 1.31327e-09 1.31652e-09 1.31847e-09 1.31912e-09 1.31847e-09 1.31652e-09 1.31327e-09 1.30872e-09 1.30288e-09 1.29576e-09 1.28735e-09 1.27768e-09 1.26675e-09 1.25456e-09 1.24114e-09 1.22649e-09 1.21063e-09 1.19358e-09 1.17535e-09 1.15596e-09 1.13543e-09 1.11377e-09 1.09102e-09 1.06719e-09 1.04231e-09 1.0164e-09 9.89489e-10 9.616e-10 9.32761e-10 9.03002e-10 8.72352e-10 8.40841e-10 8.085e-10 7.75361e-10 7.41457e-10 7.06822e-10 6.71489e-10 6.35493e-10 5.9887e-10 5.61655e-10 5.23887e-10 4.85602e-10 4.46837e-10 4.07632e-10 3.68024e-10 3.28053e-10 2.87758e-10 2.47179e-10 2.06356e-10 1.6533e-10 1.2414e-10 8.28285e-11 4.14347e-11 0  
0 4.26364e-11 8.52307e-11 1.27741e-10 1.70125e-10 2.12341e-10 2.54348e-10 2.96104e-10 3.37567e-10 3.78698e-10 4.19454e-10 4.59797e-10 4.99686e-10 5.39082e-10 5.77945e-10 6.16239e-10 6.53924e-10 6.90964e-10 7.27322e-10 7.62962e-10 7.97849e-10 8.31949e-10 8.65228e-10 8.97653e-10 9.29192e-10 9.59814e-10 9.89489e-10 1.01819e-09 1.04588e-09 1.07254e-09 1.09815e-09 1.12266e-09 1.14608e-09 1.16836e-09 1.18948e-09 1.20944e-09 1.2282e-09 1.24574e-09 1.26206e-09 1.27713e-09 1.29095e-09 1.30349e-09 1.31474e-09 1.32469e-09 1.33334e-09 1.34067e-09 1.34668e-09 1.35136e-09 1.3547e-09 1.35671e-09 1.35738e-09 1.35671e-09 1.3547e-09 1.35136e-09 1.34668e-09 1.34067e-09 1.33334e-09 1.32469e-09 1.31474e-09 1.30349e-09 1.29095e-09 1.27713e-09 1.26206e-09 1.24574e-09 1.2282e-09 1.20944e-09 1.18948e-09 1.16836e-09 1.14608e-09 1.12266e-09 1.09815e-09 1.07254e-09 1.04588e-09 1.01819e-09 9.89489e-10 9.59814e-10 9.29192e-10 8.97653e-10 8.65228e-10 8.31949e-10 7.97849e-10 7.62962e-10 7.27322e-10 6.90964e-10 6.53924e-10 6.16239e-10 5.77945e-10 5.39082e-10 4.99686e-10 4.59797e-10 4.19454e-10 3.78698e-10 3.37567e-10 2.96104e-10 2.54348e-10 2.12341e-10 1.70125e-10 1.27741e-10 8.52307e-11 4.26364e-11 0  
0 4.37961e-11 8.75489e-11 1.31215e-10 1.74752e-10 2.18117e-10 2.61266e-10 3.04157e-10 3.46749e-10 3.88998e-10 4.30863e-10 4.72303e-10 5.13277e-10 5.53744e-10 5.93665e-10 6.33e-10 6.7171e-10 7.09757e-10 7.47104e-10 7.83714e-10 8.1955e-10 8.54577e-10 8.88761e-10 9.22068e-10 9.54465e-10 9.8592e-10 1.0164e-09 1.04588e-09 1.07433e-09 1.10171e-09 1.12801e-09 1.1532e-09 1.17725e-09 1.20013e-09 1.22184e-09 1.24233e-09 1.2616e-09 1.27963e-09 1.29639e-09 1.31187e-09 1.32606e-09 1.33894e-09 1.3505e-09 1.36072e-09 1.3696e-09 1.37714e-09 1.38331e-09 1.38811e-09 1.39155e-09 1.39361e-09 1.3943e-09 1.39361e-09 1.39155e-09 1.38811e-09 1.38331e-09 1.37714e-09 1.3696e-09 1.36072e-09 1.3505e-09 1.33894e-09 1.32606e-09 1.31187e-09 1.29639e-09 1.27963e-09 1.2616e-09 1.24233e-09 1.22184e-09 1.20013e-09 1.17725e-09 1.1532e-09 1.12801e-09 1.10171e-09 1.07433e-09 1.04588e-09 1.0164e-09 9.8592e-10 9.54465e-10 9.22068e-10 8.88761e-10 8.54577e-10 8.1955e-10 7.83714e-10 7.47104e-10 7.09757e-10 6.7171e-10 6.33e-10 5.93665e-10 5.53744e-10 5.13277e-10 4.72303e-10 4.30863e-10 3.88998e-10 3.46749e-10 3.04157e-10 2.61266e-10 2.18117e-10 1.74752e-10 1.31215e-10 8.75489e-11 4.37961e-11 0  
0 4.49125e-11 8.97807e-11 1.3456e-10 1.79207e-10 2.23677e-10 2.67926e-10 3.11911e-10 3.55588e-10 3.98914e-10 4.41846e-10 4.84343e-10 5.26361e-10 5.6786e-10 6.08798e-10 6.49136e-10 6.88833e-10 7.2785e-10 7.66149e-10 8.03692e-10 8.40442e-10 8.76362e-10 9.11417e-10 9.45573e-10 9.78796e-10 1.01105e-09 1.04231e-09 1.07254e-09 1.10171e-09 1.1298e-09 1.15677e-09 1.1826e-09 1.20726e-09 1.23073e-09 1.25298e-09 1.274e-09 1.29376e-09 1.31225e-09 1.32944e-09 1.34531e-09 1.35986e-09 1.37307e-09 1.38492e-09 1.39541e-09 1.40452e-09 1.41224e-09 1.41857e-09 1.4235e-09 1.42702e-09 1.42914e-09 1.42984e-09 1.42914e-09 1.42702e-09 1.4235e-09 1.41857e-09 1.41224e-09 1.40452e-09 1.39541e-09 1.38492e-09 1.37307e-09 1.35986e-09 1.34531e-09 1.32944e-09 1.31225e-09 1.29376e-09 1.274e-09 1.25298e-09 1.23073e-09 1.20726e-09 1.1826e-09 1.15677e-09 1.1298e-09 1.10171e-09 1.07254e-09 1.04231e-09 1.01105e-09 9.78796e-10 9.45573e-10 9.11417e-10 8.76362e-10 8.40442e-10 8.03692e-10 7.66149e-10 7.2785e-10 6.88833e-10 6.49136e-10 6.08798e-10 5.6786e-10 5.26361e-10 4.84343e-10 4.41846e-10 3.98914e-10 3.55588e-10 3.11911e-10 2.67926e-10 2.23677e-10 1.79207e-10 1.3456e-10 8.97807e-11 4.49125e-11 0  
0 4.59846e-11 9.19239e-11 1.37772e-10 1.83485e-10 2.29016e-10 2.74322e-10 3.19357e-10 3.64076e-10 4.08437e-10 4.52394e-10 4.95905e-10 5.38926e-10 5.81415e-10 6.23331e-10 6.64632e-10 7.05276e-10 7.45225e-10 7.84438e-10 8.22877e-10 8.60504e-10 8.97282e-10 9.33174e-10 9.68145e-10 1.00216e-09 1.03519e-09 1.06719e-09 1.09815e-09 1.12801e-09 1.15677e-09 1.18438e-09 1.21083e-09 1.23608e-09 1.26011e-09 1.28289e-09 1.30441e-09 1.32465e-09 1.34357e-09 1.36117e-09 1.37743e-09 1.39232e-09 1.40585e-09 1.41798e-09 1.42872e-09 1.43805e-09 1.44595e-09 1.45243e-09 1.45748e-09 1.46109e-09 1.46325e-09 1.46398e-09 1.46325e-09 1.46109e-09 1.45748e-09 1.45243e-09 1.44595e-09 1.43805e-09 1.42872e-09 1.41798e-09 1.40585e-09 1.39232e-09 1.37743e-09 1.36117e-09 1.34357e-09 1.32465e-09 1.30441e-09 1.28289e-09 1.26011e-09 1.23608e-09 1.21083e-09 1.18438e-09 1.15677e-09 1.12801e-09 1.09815e-09 1.06719e-09 1.03519e-09 1.00216e-09 9.68145e-10 9.33174e-10 8.97282e-10 8.60504e-10 8.22877e-10 7.84438e-10 7.45225e-10 7.05276e-10 6.64632e-10 6.23331e-10 5.81415e-10 5.38926e-10 4.95905e-10 4.52394e-10 4.08437e-10 3.64076e-10 3.19357e-10 2.74322e-10 2.29016e-10 1.83485e-10 1.37772e-10 9.19239e-11 4.59846e-11 0  
0 4.70114e-11 9.39763e-11 1.40849e-10 1.87582e-10 2.3413e-10 2.80447e-10 3.26487e-10 3.72205e-10 4.17556e-10 4.62495e-10 5.06977e-10 5.50959e-10 5.94397e-10 6.37249e-10 6.79471e-10 7.21024e-10 7.61864e-10 8.01953e-10 8.4125e-10 8.79717e-10 9.17316e-10 9.5401e-10 9.89762e-10 1.02454e-09 1.0583e-09 1.09102e-09 1.12266e-09 1.1532e-09 1.1826e-09 1.21083e-09 1.23786e-09 1.26368e-09 1.28824e-09 1.31154e-09 1.33354e-09 1.35422e-09 1.37357e-09 1.39156e-09 1.40818e-09 1.42341e-09 1.43724e-09 1.44964e-09 1.46062e-09 1.47015e-09 1.47824e-09 1.48486e-09 1.49002e-09 1.49371e-09 1.49593e-09 1.49666e-09 1.49593e-09 1.49371e-09 1.49002e-09 1.48486e-09 1.47824e-09 1.47015e-09 1.46062e-09 1.44964e-09 1.43724e-09 1.42341e-09 1.40818e-09 1.39156e-09 1.37357e-09 1.35422e-09 1.33354e-09 1.31154e-09 1.28824e-09 1.26368e-09 1.23786e-09 1.21083e-09 1.1826e-09 1.1532e-09 1.12266e-09 1.09102e-09 1.0583e-09 1.02454e-09 9.89762e-10 9.5401e-10 9.17316e-10 8.79717e-10 8.4125e-10 8.01953e-10 7.61864e-10 7.21024e-10 6.79471e-10 6.37249e-10 5.94397e-10 5.50959e-10 5.06977e-10 4.62495e-10 4.17556e-10 3.72205e-10 3.26487e-10 2.80447e-10 2.3413e-10 1.87582e-10 1.40849e-10 9.39763e-11 4.70114e-11 0  
0 4.79917e-11 9.59361e-11 1.43786e-10 1.91493e-10 2.39012e-10 2.86295e-10 3.33296e-10 3.79967e-10 4.26263e-10 4.72139e-10 5.17549e-10 5.62448e-10 6.06792e-10 6.50537e-10 6.93641e-10 7.36059e-10 7.77752e-10 8.18676e-10 8.58793e-10 8.98062e-10 9.36445e-10 9.73904e-10 1.0104e-09 1.0459e-09 1.08037e-09 1.11377e-09 1.14608e-09 1.17725e-09 1.20726e-09 1.23608e-09 1.26368e-09 1.29003e-09 1.31511e-09 1.33889e-09 1.36135e-09 1.38246e-09 1.40221e-09 1.42058e-09 1.43755e-09 1.4531e-09 1.46721e-09 1.47987e-09 1.49108e-09 1.50081e-09 1.50906e-09 1.51583e-09 1.52109e-09 1.52486e-09 1.52712e-09 1.52787e-09 1.52712e-09 1.52486e-09 1.52109e-09 1.51583e-09 1.50906e-09 1.50081e-09 1.49108e-09 1.47987e-09 1.46721e-09 1.4531e-09 1.43755e-09 1.42058e-09 1.40221e-09 1.38246e-09 1.36135e-09 1.33889e-09 1.31511e-09 1.29003e-09 1.26368e-09 1.23608e-09 1.20726e-09 1.17725e-09 1.14608e-09 1.11377e-09 1.08037e-09 1.0459e-09 1.0104e-09 9.73904e-10 9.36445e-10 8.98062e-10 8.58793e-10 8.18676e-10 7.77752e-10 7.36059e-10 6.93641e-10 6.50537e-10 6.06792e-10 5.62448e-10 5.17549e-10 4.72139e-10 4.26263e-10 3.79967e-10 3.33296e-10 2.86295e-10 2.39012e-10 1.91493e-10 1.43786e-10 9.59361e-11 4.79917e-11 0  
0 4.89247e-11 9.78011e-11 1.46581e-10 1.95216e-10 2.43659e-10 2.91861e-10 3.39775e-10 3.87354e-10 4.3455e-10 4.81318e-10 5.27611e-10 5.73382e-10 6.18589e-10 6.63184e-10 7.07125e-10 7.50369e-10 7.92871e-10 8.34592e-10 8.75488e-10 9.15521e-10 9.5465e-10 9.92837e-10 1.03004e-09 1.06624e-09 1.10137e-09 1.13543e-09 1.16836e-09 1.20013e-09 1.23073e-09 1.26011e-09 1.28824e-09 1.31511e-09 1.34067e-09 1.36492e-09 1.38781e-09 1.40934e-09 1.42947e-09 1.4482e-09 1.46549e-09 1.48134e-09 1.49573e-09 1.50864e-09 1.52007e-09 1.52999e-09 1.5384e-09 1.5453e-09 1.55066e-09 1.5545e-09 1.55681e-09 1.55758e-09 1.55681e-09 1.5545e-09 1.55066e-09 1.5453e-09 1.5384e-09 1.52999e-09 1.52007e-09 1.50864e-09 1.49573e-09 1.48134e-09 1.46549e-09 1.4482e-09 1.42947e-09 1.40934e-09 1.38781e-09 1.36492e-09 1.34067e-09 1.31511e-09 1.28824e-09 1.26011e-09 1.23073e-09 1.20013e-09 1.16836e-09 1.13543e-09 1.10137e-09 1.06624e-09 1.03004e-09 9.92837e-10 9.5465e-10 9.15521e-10 8.75488e-10 8.34592e-10 7.92871e-10 7.50369e-10 7.07125e-10 6.63184e-10 6.18589e-10 5.73382e-10 5.27611e-10 4.81318e-10 4.3455e-10 3.87354e-10 3.39775e-10 2.91861e-10 2.43659e-10 1.95216e-10 1.46581e-10 9.78011e-11 4.89247e-11 0  
